-94
-163
-143
-217
-175
-127
-131
-133
-112
-155
-122
-78
-135
-114
173
82
-205
-134
-106
-63
-144
-102
-98
120
99
-266
-123
-134
-106
-100
-87
-184
-53
-98
-193
-133
-195
-87
-112
89
-30
-137
-124
-74
-82
-33
-51
-105
-425
-91
-49
-88
-63
-64
-56
-56
-68
-57
-64
-56
-67
-70
-67
-57
-58
-49
-50
-38
-40
-40
-59
-55
-36
-45
-41
-50
-36
-24
-47
-49
-36
-29
-32
-23
-38
-30
-23
-38
-14
-40
-33
-55
22
-5
-47
-4
34
-67
31
-30
-12
-136
-109
-28
-109
-12
-182
-114
-89
-81
-76
-92
-87
-98
-108
-72
-101
-144
133
-39
-149
-132
-83
-148
-170
-122
-277
-215
-98
-78
-148
-106
-134
-141
-123
-112
-111
-115
174
-185
-160
-87
-53
-185
-126
40
-196
-242
-73
-142
-110
-117
-172
-98
-95
-364
-86
-58
-102
-95
-93
-92
-91
115
100
-169
-40
-57
-55
-66
-55
-27
-10
-11
-19
10
-267
-16
-68
-54
-48
-49
-47
-53
-52
-44
-48
-61
-30
-58
-29
-49
-73
-37
-51
-78
-99
-93
-94
-120
-87
-106
-90
-140
-131
-232
-164
-99
-120
-123
-113
-117
-122
-111
-124
-116
-120
-122
-115
-114
-119
-117
-112
-114
-115
-112
-113
-114
-120
-105
-121
-108
-118
-113
-113
-115
-98
-114
-109
-114
-103
-119
-115
-117
-109
-108
-95
-86
-97
-106
-105
-111
-98
-123
-87
-99
-103
-113
-86
-88
-163
-37
-95
-30
-110
0
-66
-33
-16
27
-36
68
3
-53
14
-27
56
2
-44
7
18
3
26
2
17
-80
20
13
6
-6
-32
32
19
-4
-118
-160
27
-5
-103
-30
27
-81
-110
-133
-84
-136
-142
-429
-70
-78
-102
2
-121
-169
-112
-116
-120
-79
-87
-93
-89
-94
-92
-91
-94
-88
-70
-18
-91
-69
-138
-24
-90
-69
-133
-80
-103
-136
-124
-105
-92
-94
-101
-169
-67
-62
-89
-120
-143
-59
-65
22
-44
-67
-131
-16
-22
-72
-269
-215
-98
-105
-64
-77
-61
-82
-82
-36
-3
-17
-23
-13
29
186
137
-34
-12
17
5
28
19
-140
-90
36
127
59
83
94
85
101
78
87
64
243
134
53
-59
-20
70
35
19
59
96
-32
144
26
11
121
135
125
158
100
92
108
128
35
92
73
14
102
55
-36
-91
121
-26
61
-60
16
-8
25
-153
9
49
42
50
54
34
190
116
121
91
261
145
77
121
110
135
95
124
220
146
149
97
81
63
67
86
105
98
51
10
54
14
92
43
82
47
-120
124
68
89
62
178
57
275
136
109
75
23
16
85
77
97
71
106
77
101
54
42
50
72
-47
74
50
-141
39
-15
-3
46
48
27
43
20
33
27
37
28
42
39
30
50
39
31
40
30
22
51
57
25
44
57
40
43
37
62
46
29
77
38
45
47
34
62
31
43
117
79
43
46
41
60
43
68
47
69
47
62
57
56
61
44
67
31
110
53
7
81
40
-356
-13
70
30
35
54
38
16
-9
42
81
62
75
92
132
70
166
168
187
53
120
133
71
77
392
66
108
138
115
187
-16
139
324
108
87
138
105
160
113
156
174
167
164
156
131
115
170
137
147
153
171
166
136
-169
257
115
146
109
99
156
129
-213
94
203
265
168
131
98
50
-110
742
338
59
75
217
149
150
126
164
149
24
166
154
93
145
147
97
107
142
100
173
173
125
129
113
104
193
78
-14
58
47
65
16
89
91
78
84
84
82
80
83
87
90
79
72
80
92
89
76
87
83
94
81
95
84
98
78
84
84
88
79
81
71
80
74
98
89
88
73
90
65
81
90
97
107
85
62
63
66
86
190
40
115
96
44
149
111
-24
144
206
101
105
115
106
114
133
50
127
107
64
104
93
47
34
-2
15
40
3
43
62
295
199
37
17
64
56
129
85
150
148
103
29
31
47
-20
67
3
12
59
3
19
34
23
37
49
36
41
-94
-208
86
-37
52
-99
-65
-29
5
-232
-132
-38
1
-19
-14
23
12
-93
-17
-6
33
-14
7
-7
-19
0
10
30
-53
-20
238
101
-14
-25
15
-65
25
11
0
191
51
9
-19
9
-18
-27
-2
45
18
-77
-29
-39
-102
-59
-88
-77
-89
-94
-75
-99
-92
30
-147
-42
-172
-159
-70
-67
-69
-44
-67
-77
-72
-79
-67
-77
-72
-74
-82
-81
-80
-78
-74
-75
-75
-71
-69
-66
-70
-62
-65
-68
-66
-65
-53
-40
-62
-60
-65
-65
-58
-48
-57
-56
-57
-74
-67
-57
-66
-50
-65
-88
-76
-65
-64
-68
-69
-62
-68
-72
-64
-66
-73
-64
-66
-68
-72
-67
-62
-75
-65
-67
-70
-63
-65
-57
-60
-60
-62
-74
-57
-33
-75
-62
-72
-71
-83
-76
-53
-46
-70
-68
-47
-43
-52
-70
-39
-13
-36
-74
-86
-62
-97
-82
-78
-82
-70
-93
-77
77
-51
13
24
42
26
41
15
46
57
46
24
78
92
87
58
5
67
114
-98
106
113
127
32
46
60
142
17
-60
9
37
31
14
-14
3
-29
-16
16
2
-46
-53
-65
3
-26
-43
22
13
8
20
24
-29
15
34
47
15
59
68
-54
36
40
58
40
67
67
64
64
59
65
66
62
69
70
65
67
65
71
72
74
92
97
52
55
70
85
68
60
75
92
71
72
65
87
102
108
93
78
41
60
136
74
89
58
98
132
245
124
51
77
44
91
107
38
22
47
66
-156
-38
109
56
47
75
119
58
49
284
102
35
159
91
141
53
308
160
70
112
123
116
105
80
112
76
-29
67
165
135
90
104
177
82
68
156
83
90
273
26
102
119
37
46
166
132
83
50
73
76
-104
-39
129
102
166
171
90
114
129
165
95
99
105
244
177
65
111
223
161
87
152
157
115
134
340
223
151
107
133
92
126
130
99
204
170
104
139
151
123
144
141
152
171
191
182
173
242
111
132
134
189
106
170
159
177
202
161
131
128
115
81
110
111
56
161
74
140
84
136
120
45
76
98
108
-91
181
150
-33
154
128
118
142
111
126
118
122
124
125
124
129
129
136
119
102
280
94
162
153
143
123
146
129
130
153
109
114
167
129
155
144
194
119
154
28
102
99
113
113
70
101
119
147
140
144
111
120
-22
154
-24
146
34
113
109
85
81
87
87
85
95
96
103
101
123
166
83
91
88
94
46
83
50
95
74
50
91
102
98
94
78
115
74
68
85
56
87
107
63
75
88
76
91
75
85
80
85
80
83
78
78
84
113
97
95
94
83
92
83
89
87
123
79
127
85
71
-47
98
74
68
78
75
82
86
76
93
72
80
85
87
82
73
90
94
72
100
94
75
80
76
75
82
57
96
82
21
67
-9
80
52
63
57
43
62
66
62
57
49
60
55
67
58
53
49
64
58
91
55
79
82
145
76
76
76
36
76
31
68
78
-111
171
62
-71
94
36
55
76
163
41
106
79
48
111
139
115
-195
23
70
57
88
52
87
-149
61
46
27
54
68
42
108
35
27
2
46
58
14
25
34
47
48
221
35
27
47
15
27
40
348
95
10
-14
29
8
-5
-57
42
36
28
50
29
22
32
7
-28
-354
-73
73
-32
41
-118
-12
-262
-39
-30
42
-9
-22
-15
-29
40
-24
13
-48
-85
-79
-69
-12
-91
103
-59
-104
-61
-90
-93
-134
-76
91
35
-159
-26
-21
-57
-29
-14
-51
-55
-67
-70
-64
-67
-22
-23
-54
-112
-166
-70
-80
-134
-49
-86
-154
-55
-24
-78
-28
-45
-14
8
-63
-13
-73
38
-41
-20
-7
52
-7
32
-75
-36
-52
24
3
14
-11
-65
-21
-17
-20
-21
-2
-20
31
19
-18
-13
27
-11
18
4
-25
53
18
-70
1
32
22
-52
23
-59
67
32
-12
-64
36
19
9
37
24
33
21
19
17
9
11
24
27
18
7
19
36
16
26
15
23
24
15
89
26
31
36
25
6
13
7
17
7
35
13
9
2
-13
17
15
29
6
-8
-14
1
-3
23
8
13
12
1
17
16
48
27
17
48
61
4
90
37
21
65
61
36
-16
25
78
11
27
-4
5
-4
26
35
-78
44
4
4
32
36
31
49
73
30
122
99
70
70
108
137
101
84
157
134
175
174
142
78
125
119
160
132
82
191
69
173
129
85
134
113
86
34
132
97
111
8
168
120
145
91
115
62
110
38
84
64
62
102
87
113
42
104
85
43
58
148
50
137
85
177
114
124
139
158
228
185
159
144
127
171
105
133
129
128
128
122
121
66
149
133
120
82
83
121
97
121
95
108
103
92
116
67
129
107
109
96
98
130
127
110
84
119
115
105
152
132
104
159
121
145
192
182
154
159
107
190
177
140
155
191
149
134
117
113
111
128
114
101
106
114
154
117
87
107
99
60
114
43
-2
42
1
39
-5
29
27
63
38
-97
-79
128
-22
66
9
37
-72
96
-270
24
31
56
25
11
39
58
92
104
28
66
158
37
86
195
115
290
73
137
130
103
140
120
104
-18
211
35
76
47
102
48
132
134
88
166
156
202
181
144
88
132
68
92
156
106
227
200
130
161
99
68
60
80
64
55
135
78
41
53
104
53
-14
28
10
59
5
148
-15
97
-18
-95
54
84
34
41
38
38
81
76
81
70
301
173
-91
57
-7
93
83
28
221
153
118
-24
113
56
65
86
85
-3
14
25
-37
-20
-78
-43
29
-63
34
-18
-14
-23
-7
-37
-11
111
-6
22
-64
-77
-48
-189
-63
-50
-122
74
-82
-80
-29
-97
-77
-73
-152
-55
17
-88
-19
-63
-61
-69
-62
-63
-73
-64
-57
-54
-54
-47
-46
-67
-68
-58
-62
-55
-65
-62
-59
-58
-59
-66
-57
-63
-63
-63
-59
-63
-59
-61
-71
-55
-71
-64
-60
-59
-55
-59
-59
-55
-71
-55
-52
-65
-57
-44
-76
-133
-110
-46
-64
-317
-98
-81
-67
-121
-77
3
-83
-68
-55
17
-45
302
51
-61
8
31
11
-30
-2
122
-50
62
0
-150
-32
-88
-195
-125
-136
-78
-451
-97
-117
-82
-88
-90
-76
-80
-81
-72
-62
-77
-72
-77
-82
-77
-70
-76
-74
-80
-85
-79
-67
-67
-64
-77
-70
-66
-71
-77
-77
-67
-56
-68
-69
-69
-56
-57
-72
-65
-57
-52
-51
-66
-57
-52
-57
-61
-51
-55
-55
-58
-55
-54
-51
-56
-61
-56
-43
-52
-48
-44
-47
-46
-50
-40
-44
-42
-41
-32
-40
-31
-37
-38
-36
-34
-30
168
-12
28
-82
49
32
-3
28
-99
-33
-57
-34
-43
-124
-86
38
-96
-124
-100
-148
-125
135
-50
-129
-128
-139
-76
-149
-113
-121
204
-6
-169
-123
-118
-59
-35
-104
-164
-85
-117
-152
-84
-62
-92
-72
-72
-77
-74
-80
-133
-90
-72
-54
-91
-89
-33
-73
-81
-69
-28
-106
175
93
-119
-40
-107
-120
-50
-48
-113
-89
-46
-54
-31
-20
-1
-7
-73
2
-33
-58
-3
-5
39
-25
-8
42
-23
-11
-24
-45
-175
-54
123
-40
9
124
37
12
25
7
15
15
10
11
7
11
8
12
8
8
14
8
11
15
8
-191
-62
14
-38
-53
36
-86
85
-43
-38
25
42
110
67
210
10
162
140
58
197
140
140
-8
111
17
139
115
249
117
95
83
131
23
91
64
35
39
9
-14
48
35
13
19
11
44
69
15
73
70
64
54
-27
56
79
-22
-41
61
53
28
-95
8
-22
-97
-130
-51
-117
-66
-43
19
-43
-71
-56
-136
-44
-58
-91
-141
-137
-69
-195
93
-116
-37
11
-56
-31
-56
29
13
-1
-109
-57
-31
-37
-413
-66
-76
-34
-41
-42
-32
-30
-35
-48
-34
-41
-37
-46
-39
-38
-29
-57
-36
-42
-49
-48
-43
-43
-31
-62
-48
-22
-69
-34
-37
-32
-7
-37
-35
-7
-22
-8
-1
-54
-14
-19
21
3
-21
-48
40
10
4
-20
46
-10
34
0
-46
-39
24
14
22
5
51
36
18
63
117
74
64
49
16
45
41
-102
28
46
-15
29
8
34
-81
-100
-35
-74
-131
-7
-26
-139
-73
-116
-282
-117
-157
-134
-154
-135
-49
-170
-104
-174
-60
-342
-32
-41
-91
-31
-84
-70
-96
-89
-101
-59
-52
-142
-113
-51
-20
252
-39
-19
-48
-42
-16
-87
-39
-40
-143
-89
-60
-21
-15
0
-15
7
71
95
64
110
74
52
32
20
286
47
79
41
72
1
39
40
86
36
72
66
86
66
114
42
97
73
100
122
91
69
50
26
26
-280
-30
70
22
61
7
82
-259
-242
58
132
52
122
90
153
157
141
132
362
271
122
143
170
164
124
255
142
174
96
150
148
142
132
109
100
130
112
24
45
42
27
-7
-91
184
-32
35
31
129
34
205
99
50
25
44
74
37
-47
-66
-21
-26
34
-40
5
26
22
11
42
28
26
30
37
32
34
60
65
70
42
49
57
51
11
70
56
64
71
-35
97
109
-39
122
124
150
87
75
97
97
61
117
98
191
78
126
110
87
33
13
59
79
22
41
18
24
24
34
25
27
141
44
47
45
59
70
50
80
64
18
59
37
82
97
93
12
97
119
46
88
36
120
65
78
39
33
59
80
23
-78
-29
7
-24
-80
-107
-23
-58
-33
-1
-74
-114
-119
-87
-62
-139
-138
-134
36
-104
-205
-140
-176
-123
-303
-134
-179
-92
9
-105
-56
-105
-106
-155
-70
-128
-374
-231
-132
-114
-116
-124
-103
-85
-126
-131
-117
104
-64
-104
-81
-66
-197
-81
-87
-162
-174
-74
-155
-85
-95
-18
-89
-46
194
108
-147
-136
-66
-24
-43
-111
-87
157
-58
-114
-90
-127
-149
-161
-156
-384
-163
-128
-130
-100
-116
-157
-94
85
-49
-159
-201
-145
-105
-185
-124
-263
-171
-169
2
-64
-86
-109
-57
-151
-116
-200
-194
-19
-209
-149
-2
25
-39
-44
-22
29
-141
10
32
-220
-154
-114
-8
-55
-147
-53
-152
-79
-174
-144
-106
-111
-114
-101
-106
-106
-119
-115
-185
-173
-100
-69
-136
-137
-142
-77
-109
-120
-50
-122
-122
-69
-21
33
-114
-51
37
3
184
63
-45
60
20
-48
68
-206
18
24
89
19
63
60
59
36
-16
19
11
14
32
26
-13
-27
-6
-72
-42
212
-33
-66
-39
-52
-79
-103
-52
189
128
-78
-95
-14
-3
-22
18
-13
-1
-77
7
18
-25
41
-7
1
3
-62
-60
-69
-50
-354
-89
24
-149
-35
-87
-68
-290
-2
34
-65
-15
-78
-91
-71
-79
-14
-87
-68
-65
-88
200
-68
-72
-63
29
-164
-14
250
21
-143
-63
-112
-133
-45
-204
-123
-61
-129
-154
-102
-109
-153
-127
-209
-250
-106
-390
-164
-59
-159
-94
-190
-95
112
-293
-80
-46
-143
-112
-143
-117
-135
-48
-139
-117
-93
-55
-51
-49
-139
-46
-73
-138
-136
-78
-78
-113
-97
-133
-223
-58
-157
-182
-101
-90
-106
-232
-81
-142
-114
-168
-164
-79
-92
-161
-75
-107
-226
-326
-96
-80
-56
-76
-95
-66
-205
-95
-103
-65
-147
-60
-99
-90
-185
-53
-110
-198
-56
-106
-100
-83
-87
-91
-100
-88
-83
-85
-94
-86
-104
-90
-82
-88
-66
-92
-103
-98
-90
-101
-74
-94
-81
-96
-65
-100
-95
-96
-103
-95
-86
-272
10
-119
-82
-115
-91
-106
-107
-103
-210
-111
-111
-135
-100
-96
-42
-22
-47
-120
-81
-107
-65
-74
-27
-39
-39
-64
9
210
145
-80
55
12
32
-27
-25
-1
224
-33
-29
-34
-60
-32
-26
-52
-21
-36
-17
-60
-56
-63
-68
-257
-179
-67
-47
-37
-43
-26
-1
-45
-5
-153
-54
-50
-31
-10
10
12
-4
2
49
20
10
36
42
113
107
35
96
189
-10
59
105
13
21
65
236
118
79
16
86
35
82
82
59
67
88
30
8
59
59
6
1
77
58
56
97
125
-9
77
59
69
126
48
27
62
69
49
75
47
139
-57
86
55
61
69
89
106
47
43
27
52
93
61
108
55
67
84
93
59
87
56
78
70
76
73
76
78
66
60
67
77
75
71
83
60
69
66
76
72
77
84
77
64
66
84
72
73
72
65
74
66
70
57
84
75
-63
136
50
97
52
37
81
50
134
59
72
97
111
61
130
214
96
67
15
99
69
74
291
126
152
54
112
92
103
104
96
115
57
136
100
82
66
100
-243
262
54
97
116
130
98
105
94
102
115
114
108
100
120
115
105
105
116
110
108
108
103
107
113
112
97
108
110
107
103
108
107
102
105
107
110
103
112
107
104
113
109
109
108
111
111
113
109
110
114
111
112
108
105
109
30
117
101
95
116
33
154
94
-74
181
129
83
140
132
142
125
131
163
111
101
118
168
415
198
174
136
186
74
136
128
128
142
233
224
127
161
135
141
155
165
169
124
97
140
122
96
121
135
132
96
157
167
204
166
160
156
140
242
166
170
194
187
199
240
209
178
167
236
185
166
184
140
-89
121
79
186
111
113
111
132
129
127
124
107
105
122
126
111
132
128
118
132
130
134
134
119
125
119
124
121
113
118
130
133
109
109
48
87
91
101
87
123
105
105
121
116
96
48
153
167
114
19
129
144
111
140
147
-82
261
75
124
124
115
158
107
-87
20
161
170
112
127
223
136
167
96
127
170
108
72
209
93
95
98
293
140
110
53
77
180
77
319
199
100
114
114
75
137
139
114
127
115
117
99
114
115
94
63
118
109
44
132
88
114
159
127
109
28
75
84
43
80
83
32
44
13
-31
48
57
20
-24
33
42
18
0
-22
43
5
73
39
19
46
106
36
50
92
57
83
110
89
67
55
77
41
72
88
50
42
30
42
34
0
-39
14
-25
-57
-108
22
-27
-1
-34
-91
-162
-79
-125
-113
-103
-96
-83
-54
-87
-81
-95
-78
-60
-44
-83
-78
-81
-93
-69
-81
-29
-74
-67
-80
-69
-36
-73
-74
-69
-18
-46
-57
-60
-45
-64
-56
-52
-57
-49
-38
-49
-41
-47
-41
-44
-38
-40
-31
-44
-47
-41
-36
-25
-34
-34
-32
-43
-46
-43
-25
-33
-26
-41
-18
-30
-29
-31
-26
-28
-14
-24
-12
32
30
19
18
5
3
-33
19
55
62
13
-49
26
27
20
63
7
47
18
21
51
54
63
38
50
-2
41
-27
78
58
43
-18
-8
-14
-119
-33
-19
-260
-53
-46
-114
-94
-97
-137
-101
-45
-109
-113
-122
-21
-49
16
-109
-98
6
-58
-137
-60
-215
-147
-19
-95
-83
-54
-54
-63
-16
-54
13
36
-45
-89
-40
-53
-69
-50
-12
-117
-62
-82
-64
-69
-92
-60
-80
-169
-40
-63
-216
-102
-242
24
-73
-84
-53
-41
-39
-100
-86
-71
-72
-66
-62
-57
-57
-58
-62
-58
-55
-62
-67
-59
-58
-91
-62
-56
-60
-63
-57
-58
-54
-58
-56
-44
-45
-150
-80
-42
-39
-47
-56
-2
-76
-36
-77
-20
-67
-102
27
-75
10
-60
-270
-18
-92
-41
-92
-110
-134
-124
-76
-111
6
-68
-87
-101
-109
-12
-79
-65
-53
245
25
-136
-60
-33
-129
-36
-77
151
48
-86
-184
-60
-68
-29
-184
-102
-120
-81
-121
-154
