985
956
976
1006
955
965
970
974
954
983
975
1001
1004
987
980
946
997
999
1005
957
986
979
985
968
1001
1024
1023
949
1008
978
949
977
1032
959
941
955
984
964
975
1010
1001
961
999
975
993
993
965
1006
907
1024
942
992
975
986
987
987
981
982
985
981
976
972
988
971
1007
977
992
961
1001
967
987
987
954
946
993
1002
942
976
956
978
997
940
956
977
961
970
950
980
982
988
980
969
951
975
985
979
993
976
980
978
967
936
1000
986
979
1036
949
1023
977
1002
985
1001
970
944
982
957
992
959
1011
995
972
993
977
959
968
991
970
969
963
961
1008
975
970
984
1000
1030
994
998
898
995
987
980
949
990
992
968
915
1040
1020
983
997
938
993
974
983
890
969
954
987
972
975
964
981
986
1005
988
955
986
995
995
997
983
1009
992
987
965
1139
966
985
978
979
982
990
977
994
983
997
968
994
988
1003
976
989
998
996
953
944
989
937
936
990
976
973
971
968
942
971
979
968
970
972
974
965
979
969
974
971
974
980
973
967
970
973
973
976
980
978
973
966
981
968
976
976
972
971
972
983
978
966
966
961
962
973
972
959
907
861
838
841
900
895
823
887
909
901
813
886
893
883
850
905
926
941
885
869
924
929
951
975
965
977
977
971
980
953
968
948
970
997
982
996
969
981
981
947
976
979
1006
972
988
1001
951
979
939
997
996
981
995
995
984
971
994
970
968
973
1020
973
958
1042
1009
977
1008
969
972
970
981
968
976
978
977
976
973
976
973
974
974
966
978
993
997
984
1005
966
1001
978
1015
986
989
980
964
984
974
948
928
947
977
981
972
990
989
983
1017
1006
991
986
1013
992
982
943
962
996
968
953
974
1006
954
971
984
978
974
988
963
1014
965
956
977
1001
995
978
993
977
969
959
939
991
1033
952
934
919
1044
961
956
992
966
956
1007
976
979
988
985
980
960
972
981
993
1006
931
961
961
993
985
941
966
943
963
1004
973
966
985
947
995
939
959
956
968
975
984
966
968
981
949
930
990
1015
946
943
956
985
917
964
973
891
995
997
985
1000
993
974
976
980
941
984
961
988
966
1000
984
961
981
963
990
988
963
949
991
943
973
1038
940
997
1015
994
970
1000
941
971
970
966
1039
962
986
1005
966
987
971
962
1002
1000
1015
974
960
988
983
985
975
960
948
964
977
977
980
974
965
971
969
970
975
983
970
968
993
986
980
994
994
959
932
866
869
912
918
886
891
888
888
929
890
847
943
870
901
928
842
903
982
925
846
847
849
914
923
984
961
972
950
968
969
969
976
965
971
961
967
973
965
968
1001
982
913
1033
910
1003
968
991
1048
1009
989
984
994
1016
1004
956
994
937
959
990
988
939
930
986
891
834
787
804
888
885
766
900
891
782
803
877
901
860
927
844
919
923
861
859
905
881
881
928
889
988
970
968
970
959
985
1011
976
980
986
971
997
966
977
1078
995
948
972
1006
965
975
965
970
911
1038
929
903
923
970
954
959
961
973
968
977
940
1026
960
948
961
968
984
966
972
971
946
978
977
978
980
953
946
989
990
980
1008
983
982
977
979
977
986
976
969
989
992
1001
999
987
1003
1003
977
994
979
962
932
928
939
939
957
950
950
959
973
990
999
1010
994
967
974
981
993
1015
1004
994
992
970
973
974
968
954
975
988
956
993
972
958
985
969
982
1007
942
979
983
951
958
940
977
965
926
986
1005
966
964
973
972
948
986
987
926
976
1006
947
937
1032
965
966
961
1021
975
975
965
952
922
1006
978
947
1053
931
957
973
939
1010
967
965
1003
997
997
991
970
881
1067
953
1010
958
1016
990
957
978
1017
972
994
967
954
981
983
965
939
950
937
952
970
973
984
958
975
1006
1023
985
999
925
907
909
927
848
842
843
898
779
853
925
857
918
869
862
918
836
865
893
961
964
1016
1032
974
985
972
962
1003
979
972
978
964
981
973
1004
950
1003
970
960
985
988
977
975
984
982
975
974
986
981
979
983
969
991
991
969
986
981
972
976
973
981
976
973
977
985
985
979
979
989
982
966
968
965
996
993
961
996
975
960
976
972
976
980
978
979
979
961
982
980
982
974
971
983
982
973
978
982
982
980
972
971
983
983
969
964
963
970
984
953
971
970
980
915
939
959
911
916
913
919
952
885
869
904
956
931
928
937
931
926
947
988
983
979
986
975
989
987
983
985
962
973
978
975
974
977
980
972
982
977
1007
970
951
981
954
972
970
983
967
939
983
1016
924
982
967
935
910
989
1030
997
989
1006
970
1011
964
976
966
987
976
984
975
973
957
974
998
989
979
977
974
950
993
971
996
1003
1003
974
998
1007
966
991
978
989
990
982
993
981
986
988
982
976
989
999
986
996
958
914
916
940
926
841
843
895
922
844
879
895
860
801
875
908
871
929
959
931
851
903
957
983
1011
987
1009
984
1009
1004
1066
1007
974
984
988
991
972
975
988
990
990
947
967
961
987
982
1000
1019
943
964
939
967
985
977
949
969
981
987
966
973
970
944
977
977
997
978
1008
973
984
1010
992
973
985
982
990
973
964
980
988
1009
993
981
1001
971
983
999
992
972
974
998
982
1018
998
993
972
943
967
969
968
965
980
948
985
941
944
960
975
945
938
1043
966
1006
980
948
995
963
1016
940
984
1000
948
994
1012
973
968
941
1025
987
964
985
962
964
972
972
960
944
922
968
956
975
979
997
987
975
968
981
944
969
1005
973
988
986
974
967
971
977
985
967
992
988
956
982
1015
994
958
933
976
978
960
957
984
970
981
974
971
982
980
981
974
958
951
947
938
920
941
954
1025
1005
964
1007
976
973
936
953
947
1007
988
986
987
947
996
952
1008
971
973
941
999
985
960
977
997
972
963
954
951
989
978
1014
969
986
993
1013
971
987
982
975
969
969
972
981
987
984
978
968
960
950
954
906
906
932
956
945
965
977
929
953
921
917
953
972
954
988
992
978
1000
968
978
983
980
972
982
970
969
981
979
976
983
980
977
982
1000
989
985
966
957
954
931
900
919
929
1001
968
961
976
972
950
949
992
975
982
984
975
970
982
980
980
968
970
972
960
949
957
957
950
959
908
907
875
878
851
929
915
910
942
849
960
990
914
839
990
971
925
952
978
956
952
966
973
976
959
966
968
979
969
987
982
988
973
974
969
963
981
981
985
983
1001
985
988
1009
938
951
952
941
988
954
909
955
958
987
1050
964
930
926
892
1118
974
956
1009
981
971
968
988
965
944
967
985
994
996
1009
989
1004
979
969
989
1002
947
965
979
954
888
993
957
1000
957
985
978
977
984
948
1019
951
975
980
1070
963
934
955
931
1030
988
977
975
955
924
961
987
971
964
1000
977
1025
1028
971
991
977
976
976
978
987
980
989
982
967
979
999
1001
983
967
1029
974
992
967
970
960
978
1032
1012
1020
970
967
955
986
1014
983
981
959
984
981
955
965
945
1021
990
966
984
985
967
956
979
1014
979
973
975
972
993
991
970
991
987
986
957
978
963
985
967
964
962
999
982
1010
965
988
972
989
999
1017
965
972
990
953
970
957
1020
993
952
982
954
969
973
1005
983
990
963
949
969
973
993
964
988
976
985
969
958
975
981
985
985
982
980
974
984
987
988
984
960
957
952
1001
974
959
993
954
958
936
953
952
925
962
974
939
908
983
968
984
969
954
960
979
961
966
973
968
945
980
988
975
974
954
953
975
982
972
979
956
982
975
972
965
981
975
935
952
976
991
943
960
936
912
966
919
917
939
1033
960
980
993
995
1011
972
989
1002
1002
985
995
999
984
977
996
1016
988
993
967
963
973
985
979
965
969
971
968
979
981
963
979
985
975
970
957
1007
984
1000
961
968
977
978
1001
968
967
963
1000
938
924
1007
952
980
982
957
991
980
962
972
971
948
958
1000
954
970
1035
963
967
974
947
984
962
962
992
975
989
979
955
958
978
971
950
980
984
986
970
984
1014
1011
948
965
963
970
983
977
1009
970
990
953
961
994
1008
940
993
966
993
979
1001
1008
990
974
990
982
993
998
969
969
967
976
967
1032
963
959
960
970
952
983
960
994
984
966
975
991
966
968
995
998
992
964
982
954
981
948
969
1012
964
961
988
954
962
1012
991
997
956
1004
958
985
1000
1007
942
957
980
987
991
960
976
980
996
957
979
993
1013
1003
959
959
1013
996
933
990
954
989
981
974
974
949
931
1008
972
976
950
953
874
888
972
951
906
958
915
898
913
854
903
961
818
885
949
878
940
961
936
977
977
947
954
984
978
965
946
961
984
972
997
994
1000
948
989
1018
970
967
969
943
942
949
968
974
985
1009
983
963
979
971
1003
996
959
1009
1009
991
990
939
1017
955
916
1022
975
982
994
974
976
957
1012
994
958
968
978
987
957
962
960
994
970
979
963
1001
970
993
978
983
987
981
979
993
985
983
935
958
896
984
981
987
1035
954
1008
954
1000
973
969
979
961
960
971
924
973
990
957
1018
1026
958
980
969
964
968
977
967
967
961
971
978
968
965
975
976
975
972
975
973
972
975
975
974
971
975
974
971
972
972
978
969
972
976
972
974
972
973
970
965
965
972
974
973
968
969
980
920
986
976
976
973
950
952
977
995
1013
1018
985
981
944
964
963
1000
959
988
988
1007
1009
1012
999
982
936
1024
979
978
969
975
925
1031
988
1006
993
911
966
976
962
957
953
956
955
960
957
947
956
967
956
952
956
955
951
950
948
949
950
949
947
959
947
949
948
950
945
942
947
956
946
944
946
948
948
946
941
951
952
956
942
950
946
946
944
942
953
946
963
954
965
940
937
945
939
950
949
953
947
946
944
946
950
956
968
950
928
947
869
901
856
914
926
812
844
942
957
897
951
975
975
956
1008
982
981
949
938
946
936
987
968
966
960
944
984
990
1011
997
975
969
995
1011
972
982
976
1046
946
949
950
975
930
1008
942
925
958
945
945
967
956
951
961
957
959
951
966
954
959
963
932
948
965
958
951
951
967
976
949
855
1035
968
978
945
986
982
990
970
998
981
1007
991
982
941
988
1002
948
1020
983
980
952
1015
982
955
966
967
913
900
803
872
911
946
921
940
908
897
951
973
972
982
977
978
976
974
974
976
973
975
980
975
976
975
974
1013
1004
982
989
966
949
930
930
959
1015
969
970
1031
972
1055
868
782
1063
1054
984
986
989
1052
932
1032
976
994
916
1052
930
1008
1002
967
971
981
983
958
983
978
960
990
992
968
967
962
967
949
970
995
970
982
993
964
953
953
1014
990
959
935
945
947
951
1038
987
965
989
971
980
958
896
1046
943
1026
980
967
960
1001
1005
1034
977
982
1027
996
900
960
978
964
974
982
984
932
938
962
992
947
937
967
979
969
974
971
981
983
965
981
979
997
980
935
899
872
908
863
877
856
904
861
862
946
854
965
979
952
979
1010
885
915
967
910
992
948
963
944
1006
954
982
936
935
1018
988
965
1019
990
985
971
980
978
990
953
978
987
950
962
994
956
962
976
955
962
951
918
988
996
940
955
926
996
956
984
971
971
954
1082
984
999
1009
937
997
968
974
969
1000
975
952
912
957
953
957
979
964
957
975
958
953
993
968
1000
948
967
1009
1002
971
981
1017
1029
971
944
949
963
997
1003
957
939
977
972
988
986
968
944
979
961
1012
970
958
941
915
909
907
846
872
913
909
928
923
912
906
951
899
886
939
980
998
955
933
979
1007
968
934
999
975
975
991
1030
949
952
970
969
958
937
916
968
969
980
999
977
984
980
1015
984
993
970
979
957
957
956
989
990
978
934
946
943
981
973
981
911
961
981
961
959
969
1000
967
990
955
921
933
1086
948
973
976
984
963
910
944
974
958
1002
966
985
973
939
966
951
943
959
1004
974
972
997
977
971
945
1000
988
971
985
986
974
984
973
973
985
970
968
985
997
987
965
998
1009
986
946
936
945
933
888
946
970
989
967
990
984
1006
976
960
989
955
961
974
1021
982
968
975
992
946
979
974
979
976
992
968
985
979
968
967
1003
966
966
977
980
974
974
966
979
987
986
976
980
974
962
985
962
965
978
953
994
981
988
917
997
1009
978
970
984
967
981
989
985
1040
1029
1002
979
946
973
991
976
1009
999
1000
999
967
967
1002
965
1019
1026
1015
999
1011
959
1006
972
981
971
973
965
962
965
1003
982
973
916
997
1000
975
1011
1001
999
988
960
967
1022
973
969
1014
978
982
972
988
1025
903
1014
1014
996
978
922
989
1097
919
962
996
977
969
948
995
974
975
963
1003
956
962
974
991
970
969
953
1018
990
1001
981
990
993
980
977
1031
989
1013
962
960
994
952
1009
981
979
989
964
980
999
990
985
980
951
973
1010
955
966
1016
986
974
970
961
1001
978
991
1025
978
995
963
970
981
939
1034
973
998
992
977
984
986
968
976
992
985
972
975
980
987
968
971
965
956
968
966
974
991
991
965
965
957
966
1037
967
915
1033
1000
998
935
977
920
992
998
980
1007
960
957
956
953
970
955
1016
991
982
984
955
953
968
990
958
993
974
996
973
934
955
973
977
984
990
980
966
980
1024
1043
1009
979
983
969
972
960
981
995
991
963
988
980
946
1025
987
1008
1003
1000
997
979
958
1003
990
1015
1002
987
1014
987
937
993
1018
998
941
986
962
972
988
997
1005
986
1000
953
990
981
985
1027
990
1007
954
967
977
994
1007
991
1024
1000
959
953
966
977
1035
975
992
1027
1031
959
862
909
942
974
1003
1006
969
911
982
941
949
975
992
956
977
960
986
973
986
974
975
961
952
1026
963
900
992
989
952
950
968
950
1138
1039
949
947
982
979
982
962
1062
1013
1004
955
943
1003
987
988
967
951
980
993
973
950
961
980
975
973
979
955
955
984
990
976
985
967
973
946
978
975
980
976
963
973
976
970
975
970
968
969
970
974
975
977
969
978
973
972
973
971
976
971
978
981
972
982
973
983
973
963
965
970
970
978
975
977
965
966
973
929
976
967
972
991
981
979
970
974
976
978
950
979
1012
1014
966
951
964
1006
889
1010
969
952
1008
1027
1003
961
1000
967
941
979
970
915
989
968
995
971
937
947
1003
983
977
938
990
1012
981
946
903
925
983
969
982
971
945
974
966
977
991
950
972
1015
978
966
977
971
962
984
982
964
969
938
998
989
980
990
988
1004
984
979
966
1016
973
1004
978
994
966
967
950
988
944
1012
967
942
979
1029
969
957
1027
964
983
958
971
956
984
989
983
972
1004
958
979
976
975
990
979
964
995
971
1019
960
963
964
967
973
1002
966
961
954
972
968
968
982
968
957
971
981
974
973
967
973
970
970
975
979
987
970
951
961
954
956
962
968
971
973
958
967
977
983
985
980
961
973
976
962
975
982
964
971
973
972
983
989
968
1050
973
942
951
970
963
993
983
961
981
984
973
954
972
979
923
965
985
981
993
987
995
963
971
869
933
949
871
856
966
905
812
964
933
905
908
939
949
943
918
980
1009
970
982
981
969
968
966
975
984
976
973
975
976
975
980
980
977
979
979
975
973
975
977
972
981
975
975
970
979
980
977
973
976
978
973
979
978
974
980
973
976
977
977
981
973
979
978
973
969
975
976
981
974
970
959
980
973
979
932
986
976
999
1018
989
940
958
930
960
1014
970
973
981
977
968
956
983
946
944
922
897
944
922
926
889
860
967
972
861
888
954
967
954
961
951
934
1008
1006
998
982
985
969
978
968
991
975
979
969
943
984
962
957
991
1010
957
973
951
971
984
958
964
979
971
944
962
976
985
1000
995
984
982
978
963
972
979
980
976
973
971
959
975
969
978
979
971
975
981
982
984
983
961
993
991
973
960
966
986
980
976
989
969
974
948
960
960
933
947
947
925
999
979
962
998
1004
961
992
963
1025
986
982
962
982
982
980
976
954
983
971
974
963
1022
938
962
951
987
960
957
1019
1015
969
931
1033
979
961
990
970
941
959
992
984
980
935
996
986
972
948
947
931
990
975
982
969
981
959
980
973
984
971
958
976
1014
964
975
984
980
961
1006
973
961
966
1002
955
989
990
983
979
991
982
989
977
977
980
970
986
994
984
990
993
967
970
1011
973
1006
987
990
995
974
990
978
974
970
943
981
1000
1005
956
1004
966
929
955
972
961
947
990
979
961
983
966
986
1013
940
952
933
948
957
992
972
1017
972
964
980
979
991
961
974
956
964
969
993
971
969
965
964
966
971
988
964
991
968
971
980
960
963
971
985
981
977
968
974
966
963
968
969
977
979
975
977
972
973
962
962
971
976
972
975
986
988
986
970
958
977
970
985
968
964
967
963
969
973
974
972
968
965
974
972
984
947
979
957
913
973
977
954
926
930
973
974
949
874
899
916
953
961
993
975
966
959
957
973
977
1006
977
1027
973
996
977
986
987
988
958
1003
1013
955
932
967
978
963
960
962
945
985
966
953
966
981
987
987
986
922
956
1001
1003
970
1001
1015
1034
982
975
939
971
1010
978
1018
999
994
938
962
975
961
946
981
999
974
983
983
985
981
967
991
985
994
992
976
997
977
961
1021
914
981
979
987
979
962
967
982
988
983
972
982
973
974
974
966
980
971
969
980
977
973
964
972
962
960
965
990
995
993
984
975
984
1000
989
954
988
998
924
952
972
978
958
998
977
991
986
972
978
947
954
970
1009
979
976
965
980
960
960
1000
974
951
940
961
959
955
965
986
987
974
972
976
1020
970
973
974
964
970
976
995
960
1035
1005
938
962
960
1025
1008
987
974
976
983
