-155
68
77
308
603
561
567
315
754
661
416
66
-415
-638
-192
130
141
-44
-37
-62
-77
-15
6
79
201
-270
-42
-276
-669
-824
-1056
-259
-18
-92
7
23
325
67
8
-148
-261
304
183
233
61
-259
315
266
435
-140
151
-113
-7
-13
-9
-9
-63
-43
-32
-51
-51
-40
-37
-84
-55
-66
-41
0
-31
-37
-42
18
-55
-52
-82
-78
-47
-77
-95
-97
-145
-149
-67
-47
9
-88
-13
-43
-38
-21
0
66
57
-23
48
15
-105
-28
6
-45
93
57
-6
-89
188
42
15
1142
1050
162
-433
-518
-801
-594
-261
-69
282
385
-55
-122
-4
-36
8
30
71
-46
194
329
569
791
436
491
624
401
150
-2
-33
-338
78
-3
-14
8
105
-91
142
199
91
-211
-754
-574
-650
-114
276
569
326
73
13
-13
-25
113
121
2
12
-176
-266
-275
28
386
437
629
551
515
161
-315
-699
-317
-116
14
-44
-73
-27
-58
-66
-43
-52
-50
-66
-54
-95
-126
-171
-140
-159
-229
-285
-225
-175
-220
-95
51
171
252
144
-31
-50
-1
60
-6
25
-3
6
15
9
-6
9
18
26
-1
12
7
28
29
1
-5
0
4
-6
11
-32
17
-12
-31
7
-29
-18
-28
-30
-20
-25
-25
-35
-9
-54
-26
-90
-117
-114
-161
-111
-124
-134
-114
-81
-14
-71
-74
31
56
80
34
26
-37
-42
-29
11
-92
-17
-67
5
-138
-355
147
-176
212
166
277
496
835
772
230
-76
-143
-168
-546
-280
56
-144
393
575
581
315
164
-233
-806
-206
57
-156
-389
363
209
-178
-462
54
170
102
146
244
218
210
209
140
-159
-29
-43
-37
-6
-31
-30
-28
-27
-43
-7
-18
-23
-24
-3
13
70
101
28
-215
91
-58
101
0
-67
114
-75
9
49
128
-95
222
-164
-36
-73
-27
-15
-185
108
-141
-13
33
60
-22
-61
-105
-23
-187
-222
-327
-311
227
314
267
105
36
-256
412
194
70
129
432
-43
115
-19
108
-156
-20
-33
-10
-28
-277
623
719
-726
-726
-47
280
-360
-83
350
521
-18
-137
-78
19
59
-44
-28
-60
-108
-238
126
-292
122
51
451
349
-95
-799
-466
-293
-473
-716
33
-337
68
301
-277
-935
-588
104
-25
-45
-65
-113
38
-3
129
40
662
406
-239
161
-9
126
236
24
114
276
340
39
21
-41
-171
100
12
8
-153
-131
-175
-155
-315
-29
156
-136
-487
-457
-561
-93
-259
-103
-214
-359
17
79
-79
71
-58
56
59
7
-11
321
-27
292
505
-337
-328
287
301
569
385
-16
380
493
448
29
-231
-142
-462
-545
-928
-177
-104
-83
-33
-27
-62
-65
-35
-34
-35
-23
-22
-33
-34
1
-14
-40
-1
-31
2
-26
-21
-33
-16
13
-37
-29
-29
-78
-102
-107
-140
-97
-115
-23
-36
1
22
-78
43
55
-30
-43
32
-30
14
-45
77
-44
3
-27
-40
-38
-10
16
-1
2
23
111
54
3
152
23
42
94
-522
828
602
109
555
592
542
461
134
14
20
-169
59
-208
-185
-241
-506
-368
-175
12
284
-23
-326
50
-13
26
-103
-9
-104
105
8
134
159
129
-109
-304
-39
915
730
254
-646
-439
-20
90
322
112
73
-127
-245
-202
-327
-93
-83
-20
-46
21
-40
-96
66
78
59
410
-58
-34
204
388
-1
-51
-180
433
-577
-135
90
-62
-68
57
-377
-147
-119
123
64
321
-244
-128
161
380
-13
-330
-607
-212
-155
29
374
174
139
171
101
-73
-95
97
-39
-151
-30
9
-15
-11
-6
-15
-26
-8
5
-6
-8
5
-35
-6
5
5
-2
6
31
-14
-9
-62
46
-61
-7
10
6
-24
1
-16
10
8
25
-26
44
-32
-45
-53
4
210
-182
-97
-10
195
248
-182
76
-27
37
17
96
133
53
110
279
109
-375
-751
-26
21
114
-35
92
27
408
102
-424
-735
-457
-324
470
-4
-16
431
321
-87
384
529
145
-1
15
182
71
-61
21
-462
-629
-21
48
-373
-140
-912
1
-309
-45
459
1057
792
845
364
258
-81
-296
-452
-266
-132
-114
-109
-142
-72
85
-14
10
337
828
295
30
-286
-1045
-1402
-922
-157
-652
224
360
284
719
472
354
197
316
749
568
125
-24
17
-62
-21
27
-90
-8
-11
-79
-42
-337
-430
-569
-357
-284
-287
32
268
266
15
96
-249
-664
-554
-293
-302
420
459
394
305
192
87
32
-47
1
-60
-9
-33
16
-13
-14
9
6
34
-8
17
7
3
-4
-14
-4
-2
-20
-30
1
-33
-11
1
-14
-17
-32
-13
-7
-8
-4
-5
-3
-18
-31
-8
-24
-13
-20
-47
-33
-45
-27
-28
-84
-48
-72
-43
-32
-35
-31
-39
-26
-21
-31
-40
-23
-28
-20
-4
1
-12
-25
-9
-18
-12
-5
7
-10
4
-11
6
-14
10
19
40
-34
34
1
70
59
21
105
93
46
99
59
28
36
5
24
-28
32
-11
25
23
29
54
21
51
116
174
324
246
193
93
-16
-30
-31
-90
-213
-81
141
137
47
-155
-47
-113
-55
-215
-472
-136
-275
-267
221
79
-969
-1020
-294
284
404
990
107
132
154
-168
-279
-157
121
320
302
218
-341
-505
-286
-269
-317
-158
-82
116
100
-101
-59
128
518
787
1058
1141
969
721
454
409
56
46
-69
-4
-4
-16
0
-18
-3
-21
-39
-38
-50
-47
-47
-51
-54
-37
-64
-81
-72
-118
-125
-108
-22
-95
-78
-18
50
9
14
69
56
-77
-53
-107
275
-206
-35
32
63
-66
74
-179
48
-56
-187
-362
191
157
-32
22
-83
-81
4
169
84
27
243
180
349
5
-50
-398
-921
-817
-714
-115
-20
-7
36
-54
9
-3
128
997
956
534
273
310
14
-153
-184
-71
345
-244
-75
-117
-133
-68
40
82
-24
-96
-33
-31
-11
83
-38
28
-203
-29
28
-43
-17
-53
26
2
76
83
143
-150
-108
-285
-392
-571
-626
-408
-244
-91
-65
-199
-312
324
296
242
-146
-6
-290
-223
215
-136
23
-63
65
-24
-84
-27
-3
32
2
286
-175
-181
314
98
266
384
249
245
401
408
-4
-1162
-1417
374
524
258
124
12
-3
-71
-35
-105
0
-475
-160
-101
-408
-680
-103
-150
-468
-452
-516
218
198
274
351
-4
-316
-348
-51
-9
81
62
18
164
12
16
18
16
-10
1
-19
19
-16
31
-21
61
-38
-60
-263
-174
-103
-72
-232
-183
-311
-87
106
529
612
414
631
677
577
197
-26
-325
127
249
205
-47
78
204
17
-445
-284
-198
13
248
77
-32
-43
-5
-21
-88
-67
1
-26
-12
-19
-6
-6
5
-13
-2
-11
-16
10
-31
0
-57
-70
-30
-56
-12
-3
-43
-12
-18
36
-28
-8
0
21
8
-15
-4
-10
-19
-3
7
-31
-22
-1
-29
-14
-19
-12
-10
-2
-26
12
-30
3
-20
6
-27
-30
-40
-15
-60
-9
-77
-36
-82
-89
-50
-27
24
-28
13
4
9
-1
-16
-10
-1
2
2
-2
-21
-12
20
-15
13
-9
50
-9
69
36
27
37
72
48
83
-19
28
-66
-20
19
28
-22
-5
-37
-16
43
-19
42
-25
50
-27
33
27
-21
21
-16
-16
-1
8
64
4
1
-14
-9
10
103
103
109
95
-50
-69
-12
-9
49
8
55
-37
-6
24
2
-14
-9
-204
-957
-1552
-1208
148
1509
-161
60
-1
-166
97
43
-7
317
545
574
557
311
-56
95
-365
-131
-38
-13
-50
-105
94
95
728
316
-84
-39
-14
6
-25
57
-3
-37
-117
-594
-32
-376
-396
88
236
-655
-691
-230
292
766
450
71
61
23
-89
192
-84
-24
25
-95
43
-13
132
187
189
-60
-24
-192
-305
35
75
-143
5
717
793
729
214
-496
-674
-238
149
34
22
303
23
-17
-9
-74
451
-447
-539
-484
-230
267
-365
-396
-313
2
-38
-119
31
433
898
430
-230
-37
-66
179
-190
-102
-154
-41
-70
-5
-43
-52
15
134
-100
-447
-319
-146
-121
-165
-170
-241
-334
38
910
683
250
173
-100
-273
-489
-365
-87
465
412
-325
-264
-311
222
155
-48
-164
49
65
53
392
347
17
-67
-159
-142
-158
-80
-17
1
-86
41
-27
-38
32
46
24
42
-52
-19
-9
-11
-26
-25
-8
-16
-35
0
-82
-11
-28
-23
1
-28
5
-33
-14
-39
-29
-21
-81
-103
-81
-151
-31
-77
-78
-76
-98
-59
-139
-101
-87
-86
-55
-41
-152
-156
-165
-89
-51
-15
-23
-62
-11
-15
-13
-9
-18
2
-2
-35
-19
61
-41
-132
-398
-595
-560
-587
-390
116
1024
1252
1797
1039
678
625
434
373
525
241
417
126
126
-46
-169
-69
69
-123
-189
-233
-398
-245
105
23
163
92
144
112
-391
-566
-727
-1146
-313
-67
317
320
7
226
294
-110
20
-10
-97
-147
-236
-1
-459
-823
-1154
-1448
-93
145
624
284
-254
-63
162
110
15
-291
-213
69
252
411
625
557
594
231
31
-124
-436
-280
-334
-454
-316
-347
76
-29
-48
47
-38
168
222
19
105
211
268
176
120
47
-206
-84
72
212
250
193
279
315
134
-164
-537
-468
-257
-162
-236
-98
150
171
333
215
55
41
259
301
446
336
132
-17
-138
-477
-619
34
-20
166
375
-36
-142
261
686
526
-323
-323
-19
272
-200
-409
-371
-296
-212
-302
87
15
40
256
788
512
32
455
192
372
791
116
80
-79
-88
148
23
-70
-372
-616
-790
-373
-680
-219
17
140
-11
-30
-53
207
-3
943
840
884
601
179
-190
-176
-3
-82
-5
-274
-669
-220
-481
-729
-398
-156
-178
33
-26
128
50
-1
-73
5
-479
60
-114
-1
362
246
115
500
694
-8
-192
602
411
-57
-23
1
-116
-148
130
16
2
-158
-213
-267
-386
-397
-323
-109
-421
-348
379
201
-91
226
411
199
-40
-13
59
-33
-27
174
35
-138
66
-106
-52
-76
-365
-888
457
-375
-375
-690
158
1418
-407
-47
104
31
8
-36
50
3
12
-266
-1088
-902
212
65
814
720
-3
-134
-311
-772
-1179
-119
-42
10
-38
-483
-254
52
-21
-43
-123
23
11
-58
-56
-36
444
620
1004
948
394
122
207
227
-29
-72
-23
-27
56
1
-56
172
-50
-8
32
-43
26
-50
-51
9
8
-11
19
-16
3
-27
-3
-4
-14
-4
-7
9
-5
-7
38
-14
11
-6
-17
-20
-20
-19
-1
15
12
15
14
-19
-22
-12
16
-13
17
-11
14
16
-21
6
7
13
6
-28
19
196
88
-3
-20
95
-385
-106
-210
-490
-967
-916
-457
-29
193
170
283
303
-98
-40
-30
-140
-119
35
-2
-64
-124
-692
-643
-539
563
1165
1755
1654
1213
1340
741
20
-114
86
29
22
22
33
40
-6
7
33
56
45
37
56
57
53
57
75
67
44
24
56
32
48
50
16
49
54
30
20
50
48
31
25
47
25
39
16
21
9
30
-2
19
-2
13
-15
19
-13
-4
10
28
-5
-37
-27
-14
-23
-11
-3
11
-2
-29
-12
-3
-7
6
-28
-48
-22
-29
-28
-11
-21
-15
-9
-19
-63
-89
-742
-672
-306
-20
-46
11
45
985
1102
529
600
380
-417
-621
-779
-1319
-1447
-1481
-1351
-1167
-162
222
114
79
-56
24
1
16
-15
744
1799
1692
1479
1762
42
-218
-80
49
-266
38
11
-24
37
-35
-21
6
-15
-33
28
-59
-43
-70
-131
87
-46
-42
66
-66
70
-100
53
-537
-71
-686
-658
-613
-215
-366
-338
-549
-537
-620
-661
-360
-348
-213
203
905
602
355
-66
383
502
597
-20
-110
-114
-271
-261
-252
-379
-112
-3
-36
-49
-2
-141
55
118
15
-10
3
7
3
11
6
2
11
-2
2
-10
2
9
2
11
-11
528
201
146
384
58
-497
-1145
-1145
-337
-471
-255
-259
129
209
-533
-293
830
184
-154
145
120
296
38
55
-12
-59
54
213
172
198
61
88
130
185
315
274
117
108
488
64
-86
-307
-241
-44
-2
-277
735
113
136
-45
-522
168
-129
-530
-931
-254
-107
-562
-638
804
974
1068
446
239
255
-726
-678
-950
-676
-210
-688
39
271
6
-372
-243
116
423
139
285
472
138
443
758
434
505
762
646
-50
-196
-797
-149
-219
96
-248
52
0
-7
-22
-24
-4
-1
-18
-33
-27
1
-58
21
-49
-41
-5
-52
15
-34
-36
-48
-19
-64
-77
-45
-74
-128
-158
-183
-193
-62
-2
30
-12
26
249
295
70
-172
-261
-326
-499
-534
-66
234
368
929
815
480
451
-146
-998
-725
173
514
608
421
42
-563
-699
226
85
0
296
-31
303
148
-261
-539
-1456
-483
-586
-82
81
-181
130
316
-100
-254
-218
-194
-357
75
285
1017
492
454
127
34
68
101
-441
68
-54
125
-58
-84
29
-223
-389
-514
-703
-225
-342
-252
28
44
256
292
-445
-536
-219
344
241
-46
-84
48
-65
-56
-6
27
-2
7
160
345
526
497
392
585
555
151
-160
108
-44
-258
-338
-417
433
596
128
-77
11
-85
166
-167
-88
-317
-403
-126
412
420
342
432
166
-427
-494
17
-31
-286
-383
8
0
-6
11
29
-30
44
16
-150
37
49
-163
86
234
435
272
16
401
44
-232
-145
-171
-94
33
-4
43
-10
-70
19
136
-134
254
374
228
429
31
-61
-94
238
306
622
-471
412
405
607
452
-167
86
-4
-211
-4
-19
5
12
613
143
-92
-876
-1335
-1059
-661
-164
-321
184
221
-41
-56
100
-32
-96
11
-3
-24
-10
-3
-23
-16
-15
-46
-108
-95
-172
-269
-292
-377
-389
-321
-277
-156
-86
28
32
55
-15
90
215
182
139
51
338
374
373
639
674
226
-73
-38
-166
-29
120
-10
-146
81
4
130
42
-11
36
-33
-151
-121
-100
-41
-60
87
-54
61
88
-149
-226
-168
-22
4
-121
-29
-87
-98
-36
-177
-131
-167
-261
-139
-300
-213
-64
-18
-872
-927
-144
145
230
684
776
735
365
25
-381
-1105
-1053
-270
387
165
-80
-130
-178
36
323
438
426
540
334
-5
305
-389
21
205
-314
-75
-16
-20
-71
47
-116
-38
-156
-981
-707
-388
-407
0
-386
-418
-268
-61
34
30
-117
-24
62
-49
-10
-47
98
605
742
-106
-350
203
458
701
838
77
-225
212
103
29
-1
93
37
11
31
-575
-1017
-1162
-496
-133
272
635
483
0
-57
5
-43
123
-79
-118
-10
236
-119
183
-2
176
185
132
260
2
-316
247
22
58
15
-172
199
-24
-269
-13
104
6
-173
-57
192
-134
39
-146
118
-67
-143
121
-313
-67
75
112
-98
0
16
31
-89
14
-42
64
-20
43
-10
-57
23
10
-2
-104
59
-251
-487
-480
-179
217
264
-76
255
131
631
347
347
-267
-1145
354
1101
871
307
227
-177
-35
-13
-111
-22
-45
3
-158
-107
-434
-995
-706
-192
-99
154
115
674
571
375
313
123
-109
-90
18
507
338
344
-146
-1
-4
-12
-67
-8
57
-57
0
-221
-93
241
144
-30
-378
-399
-688
-374
482
727
173
-311
-165
35
-293
-831
-589
-600
-195
-70
-310
115
-51
65
82
-19
-30
104
201
161
127
157
430
1064
959
330
371
-168
161
-83
-363
54
10
-32
25
-91
9
-100
205
99
296
104
-1269
-1459
-1237
115
31
146
158
-105
-142
39
-339
-111
1247
1331
796
-88
-92
-208
44
236
-115
77
-328
-309
-464
-492
-196
166
475
654
-470
-313
-56
-342
-151
8
-104
-112
-1118
-312
600
934
390
-308
-153
219
417
122
-964
-991
-878
-471
187
207
172
162
-50
-328
-4
337
155
460
33
255
379
510
358
240
343
-35
-19
-68
-22
4
17
29
22
57
73
12
-3
-31
5
-19
-19
117
-120
-55
-82
-28
13
-39
26
-10
12
4
19
-16
-12
-26
-22
-15
-19
-1
-32
7
18
7
23
-9
6
-18
27
0
-14
-32
-38
21
126
-12
-16
131
13
13
-220
-83
-71
-27
-835
-400
-183
-157
-508
-79
-136
-467
-339
46
-271
-215
202
-51
439
719
761
1515
1126
646
-190
-83
-13
-87
-286
-10
2
-207
-1131
-1093
-282
-469
-1015
979
900
42
-19
94
155
739
298
131
-20
26
-111
-69
4
-16
-60
12
60
45
-48
-27
-202
30
-92
-556
-603
134
310
-22
-85
213
342
-440
-648
-416
238
192
281
-37
16
-33
62
-69
-16
13
-171
-565
-189
-68
417
647
565
614
-57
-82
169
711
268
-322
-549
-447
-408
-421
-228
-219
-228
-283
-78
-229
-106
-59
107
440
394
331
15
-54
170
89
217
50
10
6
45
7
44
-6
-2
72
25
-42
50
-26
-17
17
57
9
-33
55
-3
-19
-3
-37
-17
4
19
22
-14
-15
4
12
-34
8
5
-18
-2
10
-24
1
11
-16
-16
-46
4
6
-33
14
2
-5
21
4
-23
25
-16
-65
-157
-322
-226
-76
-597
-623
-255
-130
259
12
604
7
-118
298
425
17
23
10
10
19
-72
-19
-138
-543
-418
128
335
-139
-314
-350
190
41
-499
173
888
669
-125
-74
-45
210
-65
-42
-3
32
-19
-13
8
16
-5
13
7
2
17
-18
-14
-1
16
-14
-15
-29
13
-12
12
-15
-11
-31
-20
-21
10
-44
-30
11
-7
8
-25
2
17
-6
6
-32
-13
16
-5
14
-3
4
-14
1
-17
-16
-14
-2
-6
-8
41
-4
-23
-23
-17
-66
36
-32
252
-44
-103
-739
-247
54
239
-336
-435
47
135
154
88
-330
-207
-52
-3
34
260
-224
36
-53
0
-44
165
-2
93
357
106
251
-140
-368
400
792
-194
-290
-43
-145
-293
-252
-160
-208
-324
-243
-123
112
267
307
284
105
-116
-438
-106
119
244
245
149
99
169
95
363
408
220
87
87
122
46
-11
-10
5
-5
-36
-3
1
-10
-15
3
-63
-14
4
25
-40
10
-30
-10
-16
-19
-5
17
4
-33
-103
-67
-13
-54
19
43
-47
-255
-99
-48
-85
-68
-66
-100
-100
179
-214
5
-159
11
186
-96
-136
289
-83
-119
-178
90
266
-150
77
-28
16
-45
-49
-10
52
-279
-371
-176
26
-222
-237
54
60
-233
-77
65
-146
93
778
-153
-350
-135
28
57
18
-92
-51
-38
12
-76
224
34
82
-20
343
227
-163
-119
-258
-998
-941
-428
-105
135
15
-268
-468
-571
-406
-297
-125
136
273
289
184
-22
-208
-231
-16
155
-30
-653
-397
318
665
427
426
406
-102
-219
-371
-532
-259
-193
45
913
607
113
-171
-217
-245
-97
-155
-144
27
198
-63
-203
-65
-76
-253
24
111
207
268
309
573
-115
23
209
351
286
153
-192
659
356
-602
-802
-858
550
745
404
-53
-32
111
4
-53
-104
64
-33
8
-4
-47
6
-103
16
-21
-23
-33
40
11
-42
-3
-9
-18
-6
-11
-8
51
30
11
-5
70
17
45
11
14
-4
82
6
30
18
30
17
5
-1
34
15
-7
39
18
35
-3
30
41
24
39
38
25
30
21
39
26
38
23
-6
-5
4
-5
24
25
-62
139
-6
-103
-139
-21
86
-153
-26
-125
-176
-140
-204
64
-46
-55
-54
-27
-198
-306
-652
-788
-922
-971
-554
-402
-157
59
55
163
93
7
373
477
363
1027
776
15
324
145
84
-58
132
157
333
770
321
19
-129
168
-436
-655
-765
-412
-212
89
140
112
-192
-717
-987
-196
332
20
-143
447
748
354
123
-181
-349
-995
240
285
472
107
130
-139
-191
-481
-573
-476
-9
123
-18
18
220
626
431
249
80
-76
97
-39
-27
8
44
-3
-41
-30
2
-14
13
8
14
2
13
-8
-6
4
-13
-7
-26
-51
-47
-9
-47
-20
-9
-54
0
-38
-2
-18
-5
-19
-51
-36
-14
25
-32
-32
-49
-5
25
-21
-74
-38
-102
35
-40
143
-104
56
-165
-418
-462
-544
-163
5
-77
-242
336
896
646
83
-243
-43
-16
-88
-330
-274
46
55
2
4
51
75
36
6
192
318
226
237
163
6
-393
131
-144
-340
-593
-150
-377
